#include"Estimator.h"

Estimator::Estimator(LowState* lowstate,Eigen::Matrix<int, 4, 1>* contact,Eigen::Matrix<double, 4, 1> * phase,double dt):
_lowstate(lowstate),_contact(contact),_phase(phase),_dt(dt){

    for(int i(0); i<_Qdig.rows(); ++i){
        if(i < 3){
            _Qdig(i) = 0.8;// 0.003
        }
        else if(i < 6){
            _Qdig(i) = 0.8;
        }
        else{
            _Qdig(i) = 1.5;         // 0.03
        }
    }

    init();
}

void Estimator::init(){
    _g << 0,0,-9.81;
    _largeVariance = 100;

    _xhat.setZero();
    _u.setZero();
    _A.setZero();
    _C.setZero();
    _P.setIdentity();           // 对角线设为1 ，非对角线设为0
    _P = _largeVariance * _P;   // 开机时 使其极度信任测量值

    _A.block(0, 0, 3, 3) = Eigen::MatrixXd::Identity(3, 3);
    _A.block(0, 3, 3, 3) = Eigen::MatrixXd::Identity(3, 3) * _dt;
    _A.block(3, 3, 3, 3) = Eigen::MatrixXd::Identity(3, 3);
    _A.block(6, 6, 12, 12) = Eigen::MatrixXd::Identity(12, 12);

    _B.block(3, 0, 3, 3) = Eigen::MatrixXd::Identity(3, 3) * _dt;

    _C.block(0, 0, 3, 3) = -Eigen::MatrixXd::Identity(3, 3);
    _C.block(3, 0, 3, 3) = -Eigen::MatrixXd::Identity(3, 3);
    _C.block(6, 0, 3, 3) = -Eigen::MatrixXd::Identity(3, 3);
    _C.block(9, 0, 3, 3) = -Eigen::MatrixXd::Identity(3, 3);
    _C.block(12, 3, 3, 3) = -Eigen::MatrixXd::Identity(3, 3);
    _C.block(15, 3, 3, 3) = -Eigen::MatrixXd::Identity(3, 3);
    _C.block(18, 3, 3, 3) = -Eigen::MatrixXd::Identity(3, 3);
    _C.block(21, 3, 3, 3) = -Eigen::MatrixXd::Identity(3, 3);
    _C.block(0, 6, 12, 12) = Eigen::MatrixXd::Identity(12, 12);
    _C(24, 8) = 1;
    _C(25, 11) = 1;
    _C(26, 14) = 1;
    _C(27, 17) = 1;

    _RInit<<
               0.028 , 0.012 ,-0.000 ,-0.009 , 0.012 , 0.000 , 0.009 ,-0.009 ,-0.000 ,-0.009 ,-0.009 , 0.000 ,-0.000 , 0.000 ,-0.000 , 0.000 ,-0.000 ,-0.001 ,-0.002 , 0.000 ,-0.000 ,-0.003 ,-0.000 ,-0.001 , 0.000 , 0.000 , 0.000 , 0.000,
               0.012 , 0.009 ,-0.001 ,-0.014 , 0.018 ,-0.000 , 0.014 ,-0.013 ,-0.000 ,-0.014 ,-0.014 , 0.001 ,-0.001 , 0.001 ,-0.001 , 0.000 , 0.000 ,-0.001 ,-0.003 , 0.000 ,-0.001 ,-0.004 ,-0.000 ,-0.001 , 0.000 , 0.000 , 0.000 , 0.000,
               -0.000, -0.001,  0.011,  0.001, -0.001,  0.000, -0.000,  0.000, -0.000,  0.001,  0.000, -0.000,  0.000, -0.000,  0.000,  0.000, -0.000, -0.000,  0.000, -0.000, -0.000, -0.000,  0.000,  0.000,  0.000,  0.000,  0.000,  0.000,
               -0.009, -0.014,  0.001,  0.010, -0.013,  0.000, -0.010,  0.010,  0.000,  0.010,  0.010, -0.000,  0.001,  0.000,  0.000,  0.001, -0.000,  0.001,  0.002, -0.000,  0.000,  0.003,  0.000,  0.001,  0.000,  0.000,  0.000,  0.000,
               0.012 , 0.018 ,-0.001 ,-0.013 , 0.018 ,-0.000 , 0.013 ,-0.013 ,-0.000 ,-0.013 ,-0.013 , 0.001 ,-0.001 , 0.000 ,-0.001 , 0.000 , 0.001 ,-0.001 ,-0.003 , 0.000 ,-0.001 ,-0.004 ,-0.000 ,-0.001 , 0.000 , 0.000 , 0.000 , 0.000,
               0.000 ,-0.000 , 0.000 , 0.000 ,-0.000 , 0.001 , 0.000 , 0.000 ,-0.000 , 0.000 , 0.000 ,-0.000 ,-0.000 , 0.000 ,-0.000 , 0.000 , 0.000 , 0.000 ,-0.000 ,-0.000 ,-0.000 ,-0.000 , 0.000 , 0.000 , 0.000 , 0.000 , 0.000 , 0.000,
               0.009 , 0.014 ,-0.000 ,-0.010 , 0.013 , 0.000 , 0.010 ,-0.010 ,-0.000 ,-0.010 ,-0.010 , 0.000 ,-0.001 , 0.000 ,-0.001 , 0.000 ,-0.000 ,-0.001 ,-0.001 , 0.000 ,-0.000 ,-0.003 ,-0.000 ,-0.001 , 0.000 , 0.000 , 0.000 , 0.000,
               -0.009, -0.013,  0.000,  0.010, -0.013,  0.000, -0.010,  0.009,  0.000,  0.010,  0.010, -0.000,  0.001, -0.000,  0.000, -0.000,  0.000,  0.001,  0.002,  0.000,  0.000,  0.003,  0.000,  0.001,  0.000,  0.000,  0.000,  0.000,
               -0.000, -0.000, -0.000,  0.000, -0.000, -0.000, -0.000,  0.000,  0.001,  0.000,  0.000,  0.000,  0.000, -0.000,  0.000, -0.000,  0.000, -0.000,  0.000, -0.000,  0.000,  0.000, -0.000, -0.000,  0.000,  0.000,  0.000,  0.000,
               -0.009, -0.014,  0.001,  0.010, -0.013,  0.000, -0.010,  0.010,  0.000,  0.010,  0.010, -0.000,  0.001,  0.000,  0.000, -0.000, -0.000,  0.001,  0.002, -0.000,  0.000,  0.003,  0.000,  0.001,  0.000,  0.000,  0.000,  0.000,
               -0.009, -0.014,  0.000,  0.010, -0.013,  0.000, -0.010,  0.010,  0.000,  0.010,  0.010, -0.000,  0.001, -0.000,  0.000, -0.000,  0.000,  0.001,  0.002, -0.000,  0.000,  0.003,  0.001,  0.001,  0.000,  0.000,  0.000,  0.000,
               0.000 , 0.001 ,-0.000 ,-0.000 , 0.001 ,-0.000 , 0.000 ,-0.000 , 0.000 ,-0.000 ,-0.000 , 0.001 , 0.000 ,-0.000 ,-0.000 ,-0.000 , 0.000 , 0.000 ,-0.000 , 0.000 , 0.000 , 0.000 , 0.000 , 0.000 , 0.000 , 0.000 , 0.000 , 0.000,
               -0.000, -0.001,  0.000,  0.001, -0.001, -0.000, -0.001,  0.001,  0.000,  0.001,  0.001,  0.000,  1.708,  0.048,  0.784,  0.062,  0.042,  0.053,  0.077,  0.001, -0.061,  0.046, -0.019, -0.029,  0.000,  0.000,  0.000,  0.000,
               0.000 , 0.001 ,-0.000 , 0.000 , 0.000 , 0.000 , 0.000 ,-0.000 ,-0.000 , 0.000 ,-0.000 ,-0.000 , 0.048 , 5.001 ,-1.631 ,-0.036 , 0.144 , 0.040 , 0.036 , 0.016 ,-0.051 ,-0.067 ,-0.024 ,-0.005 , 0.000 , 0.000 , 0.000 , 0.000,
               -0.000, -0.001,  0.000,  0.000, -0.001, -0.000, -0.001,  0.000,  0.000,  0.000,  0.000, -0.000,  0.784, -1.631,  1.242,  0.057, -0.037,  0.018,  0.034, -0.017, -0.015,  0.058, -0.021, -0.029,  0.000,  0.000,  0.000,  0.000,
               0.000 , 0.000 , 0.000 , 0.001 , 0.000 , 0.000 , 0.000 ,-0.000 ,-0.000 ,-0.000 ,-0.000 ,-0.000 , 0.062 ,-0.036 , 0.057 , 6.228 ,-0.014 , 0.932 , 0.059 , 0.053 ,-0.069 , 0.148 , 0.015 ,-0.031 , 0.000 , 0.000 , 0.000 , 0.000,
               -0.000,  0.000, -0.000, -0.000,  0.001,  0.000, -0.000,  0.000,  0.000, -0.000,  0.000,  0.000,  0.042,  0.144, -0.037, -0.014,  3.011,  0.986,  0.076,  0.030, -0.052, -0.027,  0.057,  0.051,  0.000,  0.000,  0.000,  0.000,
               -0.001, -0.001, -0.000,  0.001, -0.001,  0.000, -0.001,  0.001, -0.000,  0.001,  0.001,  0.000,  0.053,  0.040,  0.018,  0.932,  0.986,  0.885,  0.090,  0.044, -0.055,  0.057,  0.051, -0.003,  0.000,  0.000,  0.000,  0.000,
               -0.002, -0.003,  0.000,  0.002, -0.003, -0.000, -0.001,  0.002,  0.000,  0.002,  0.002, -0.000,  0.077,  0.036,  0.034,  0.059,  0.076,  0.090,  6.230,  0.139,  0.763,  0.013, -0.019, -0.024,  0.000,  0.000,  0.000,  0.000,
               0.000 , 0.000 ,-0.000 ,-0.000 , 0.000 ,-0.000 , 0.000 , 0.000 ,-0.000 ,-0.000 ,-0.000 , 0.000 , 0.001 , 0.016 ,-0.017 , 0.053 , 0.030 , 0.044 , 0.139 , 3.130 ,-1.128 ,-0.010 , 0.131 , 0.018 , 0.000 , 0.000 , 0.000 , 0.000,
               -0.000, -0.001, -0.000,  0.000, -0.001, -0.000, -0.000,  0.000,  0.000,  0.000,  0.000,  0.000, -0.061, -0.051, -0.015, -0.069, -0.052, -0.055,  0.763, -1.128,  0.866, -0.022, -0.053,  0.007,  0.000,  0.000,  0.000,  0.000,
               -0.003, -0.004, -0.000,  0.003, -0.004, -0.000, -0.003,  0.003,  0.000,  0.003,  0.003,  0.000,  0.046, -0.067,  0.058,  0.148, -0.027,  0.057,  0.013, -0.010, -0.022,  2.437, -0.102,  0.938,  0.000,  0.000,  0.000,  0.000,
               -0.000, -0.000,  0.000,  0.000, -0.000,  0.000, -0.000,  0.000, -0.000,  0.000,  0.001,  0.000, -0.019, -0.024, -0.021,  0.015,  0.057,  0.051, -0.019,  0.131, -0.053, -0.102,  4.944,  1.724,  0.000,  0.000,  0.000,  0.000,
               -0.001, -0.001,  0.000,  0.001, -0.001,  0.000, -0.001,  0.001, -0.000,  0.001,  0.001,  0.000, -0.029, -0.005, -0.029, -0.031,  0.051, -0.003, -0.024,  0.018,  0.007,  0.938,  1.724,  1.569,  0.000,  0.000,  0.000,  0.000,
               0.000 , 0.000 , 0.000 , 0.000 , 0.000 , 0.000 , 0.000 , 0.000 , 0.000 , 0.000 , 0.000 , 0.000 , 0.000 , 0.000 , 0.000 , 0.000 , 0.000 , 0.000 , 0.000 , 0.000 , 0.000 , 0.000 , 0.000 , 0.000 , 1.0 , 0.000 , 0.000 , 0.000,
               0.000 , 0.000 , 0.000 , 0.000 , 0.000 , 0.000 , 0.000 , 0.000 , 0.000 , 0.000 , 0.000 , 0.000 , 0.000 , 0.000 , 0.000 , 0.000 , 0.000 , 0.000 , 0.000 , 0.000 , 0.000 , 0.000 , 0.000 , 0.000 , 0.000 , 1.0 , 0.000 , 0.000,
               0.000 , 0.000 , 0.000 , 0.000 , 0.000 , 0.000 , 0.000 , 0.000 , 0.000 , 0.000 , 0.000 , 0.000 , 0.000 , 0.000 , 0.000 , 0.000 , 0.000 , 0.000 , 0.000 , 0.000 , 0.000 , 0.000 , 0.000 , 0.000 , 0.000 , 0.000 , 1.0 , 0.000,
               0.000 , 0.000 , 0.000 , 0.000 , 0.000 , 0.000 , 0.000 , 0.000 , 0.000 , 0.000 , 0.000 , 0.000 , 0.000 , 0.000 , 0.000 , 0.000 , 0.000 , 0.000 , 0.000 , 0.000 , 0.000 , 0.000 , 0.000 , 0.000 , 0.000 , 0.000 , 0.000 , 1.0;

    _Cu << 268.573,  -43.819, -147.211,
            -43.819 ,  92.949 ,  58.082,
            -147.211,   58.082,  302.120; 
    // _RInit<<    5.30756e-06, 2.98022e-06, -7.4867e-07, 5.26888e-06, -2.39367e-06, -7.41206e-07, -8.25387e-06, 3.82953e-06, -7.85882e-07, -7.16586e-06, -4.98025e-06, -7.91218e-07, -4.45615e-07, -3.02255e-07, 1.04311e-07, -4.0826e-07, 2.89388e-07, 1.01737e-07, 6.7967e-07, -4.72384e-07, 1.08677e-07, 6.41528e-07, 5.14463e-07, 1.0818e-07, 0, 0, 0, 0,
    //             2.98022e-06, 1.69434e-06, -4.32579e-07, 2.954e-06, -1.36876e-06, -4.2832e-07, -4.63771e-06, 2.19224e-06, -4.53619e-07, -4.03521e-06, -2.83364e-06, -4.56742e-07, -2.50253e-07, -1.72116e-07, 6.02153e-08, -2.28352e-07, 1.65299e-07, 5.87467e-08, 3.82008e-07, -2.70129e-07, 6.25736e-08, 3.61597e-07, 2.93067e-07, 6.23027e-08, 0, 0, 0, 0,
    //             -7.4867e-07, -4.32579e-07, 1.12732e-07, -7.40549e-07, 3.52041e-07, 1.11639e-07, 1.1661e-06, -5.64632e-07, 1.18065e-07, 1.01751e-06, 7.24173e-07, 1.18891e-07, 6.28782e-08, 4.4033e-08, -1.56762e-08, 5.7066e-08, -4.24562e-08, -1.52993e-08, -9.60912e-08, 6.94806e-08, -1.62368e-08, -9.1294e-08, -7.50131e-08, -1.61714e-08, 0, 0, 0, 0,
    //             5.26888e-06, 2.954e-06, -7.40549e-07, 5.23153e-06, -2.3709e-06, -7.33155e-07, -8.19628e-06, 3.80496e-06, -7.80618e-07, -7.11384e-06, -4.94372e-06, -7.86041e-07, -4.41883e-07, -2.99796e-07, 1.03462e-07, -4.0483e-07, 2.87166e-07, 1.01092e-07, 6.74494e-07, -4.68855e-07, 1.07779e-07, 6.36738e-07, 5.10619e-07, 1.07289e-07, 0, 0, 0, 0,
    //             -2.39367e-06, -1.36876e-06, 3.52041e-07, -2.3709e-06, 1.13532e-06, 3.48666e-07, 3.71222e-06, -1.76942e-06, 3.65396e-07, 3.22396e-06, 2.25284e-06, 3.67964e-07, 2.05948e-07, 1.40165e-07, -4.83898e-08, 1.89242e-07, -1.34164e-07, -4.72922e-08, -3.16462e-07, 2.20028e-07, -5.05732e-08, -2.99163e-07, -2.39778e-07, -5.03599e-08, 0, 0, 0, 0,
    //             -7.41206e-07, -4.2832e-07, 1.11639e-07, -7.33155e-07, 3.48666e-07, 1.10589e-07, 1.14994e-06, -5.56916e-07, 1.16522e-07, 1.00382e-06, 7.14526e-07, 1.17348e-07, 6.20196e-08, 4.34298e-08, -1.54593e-08, 5.62736e-08, -4.18715e-08, -1.51128e-08, -9.47583e-08, 6.85175e-08, -1.60055e-08, -9.00393e-08, -7.39655e-08, -1.58953e-08, 0, 0, 0, 0,
    //             -8.25387e-06, -4.63771e-06, 1.1661e-06, -8.19628e-06, 3.71222e-06, 1.14994e-06, 1.28642e-05, -6.00893e-06, 1.22945e-06, 1.12392e-05, 7.78842e-06, 1.23912e-06, 6.94942e-07, 4.74725e-07, -1.64918e-07, 6.43322e-07, -4.58224e-07, -1.60629e-07, -1.06743e-06, 7.42299e-07, -1.70992e-07, -1.00998e-06, -8.00676e-07, -1.68466e-07, 0, 0, 0, 0,
    //             3.82953e-06, 2.19224e-06, -5.64632e-07, 3.80496e-06, -1.76942e-06, -5.56916e-07, -6.00893e-06, 2.83315e-06, -5.80663e-07, -5.22626e-06, -3.62213e-06, -5.85215e-07, -3.28663e-07, -2.24488e-07, 7.79415e-08, -3.03698e-07, 2.16292e-07, 7.59446e-08, 5.05262e-07, -3.52529e-07, 8.12035e-08, 4.77598e-07, 3.796e-07, 8.11802e-08, 0, 0, 0, 0,
    //             -7.85882e-07, -4.53619e-07, 1.18065e-07, -7.80618e-07, 3.65396e-07, 1.16522e-07, 1.22945e-06, -5.80663e-07, 1.19944e-07, 1.06661e-06, 7.39826e-07, 1.20885e-07, 6.78938e-08, 4.63639e-08, -1.61041e-08, 6.28362e-08, -4.47066e-08, -1.57435e-08, -1.04194e-07, 7.25345e-08, -1.67108e-08, -9.85882e-08, -7.86492e-08, -1.69406e-08, 0, 0, 0, 0,
    //             -7.16586e-06, -4.03521e-06, 1.01751e-06, -7.11384e-06, 3.22396e-06, 1.00382e-06, 1.12392e-05, -5.22626e-06, 1.06661e-06, 9.64933e-06, 6.68893e-06, 1.07509e-06, 6.03882e-07, 4.11538e-07, -1.42989e-07, 5.57425e-07, -3.96112e-07, -1.39688e-07, -9.24494e-07, 6.44314e-07, -1.48255e-07, -8.77226e-07, -6.96901e-07, -1.46914e-07, 0, 0, 0, 0,
    //             -4.98025e-06, -2.83364e-06, 7.24173e-07, -4.94372e-06, 2.25284e-06, 7.14526e-07, 7.78842e-06, -3.62213e-06, 7.39826e-07, 6.68893e-06, 4.64134e-06, 7.45948e-07, 4.18694e-07, 2.85266e-07, -9.92138e-08, 3.87298e-07, -2.75324e-07, -9.70428e-08, -6.43198e-07, 4.48142e-07, -1.02855e-07, -6.08388e-07, -4.9019e-07, -1.04279e-07, 0, 0, 0, 0,
    //             -7.91218e-07, -4.56742e-07, 1.18891e-07, -7.86041e-07, 3.67964e-07, 1.17348e-07, 1.23912e-06, -5.85215e-07, 1.20885e-07, 1.07509e-06, 7.45948e-07, 1.21846e-07, 6.84215e-08, 4.67366e-08, -1.62283e-08, 6.33308e-08, -4.50636e-08, -1.58671e-08, -1.04995e-07, 7.30941e-08, -1.68345e-08, -9.93644e-08, -7.91918e-08, -1.70588e-08, 0, 0, 0, 0,
    //             -4.45615e-07, -2.50253e-07, 6.28782e-08, -4.41883e-07, 2.05948e-07, 6.20196e-08, 6.94942e-07, -3.28663e-07, 6.78938e-08, 6.03882e-07, 4.18694e-07, 6.84215e-08, 3.84262e-08, 2.61638e-08, -9.08525e-09, 3.54064e-08, -2.51486e-08, -8.88498e-09, -5.87712e-08, 4.09443e-08, -9.39832e-09, -5.57028e-08, -4.32011e-08, -9.08525e-09, 0, 0, 0, 0,
    //             -3.02255e-07, -1.72116e-07, 4.4033e-08, -2.99796e-07, 1.40165e-07, 4.34298e-08, 4.74725e-07, -2.24488e-07, 4.63639e-08, 4.11538e-07, 2.85266e-07, 4.67366e-08, 2.61638e-08, 1.78096e-08, -6.19246e-09, 2.41796e-08, -1.71628e-08, -6.05532e-09, -4.00498e-08, 2.79098e-08, -6.41238e-09, -3.79363e-08, -2.97782e-08, -6.33934e-09, 0, 0, 0, 0,
    //             1.04311e-07, 6.02153e-08, -1.56762e-08, 1.03462e-07, -4.83898e-08, -1.54593e-08, -1.64918e-07, 7.79415e-08, -1.61041e-08, -1.42989e-07, -9.92138e-08, -1.62283e-08, -9.08525e-09, -6.19246e-09, 2.15623e-09, -8.40248e-09, 5.97384e-09, 2.10858e-09, 1.39844e-08, -9.74112e-09, 2.24931e-09, 1.33296e-08, 1.04405e-08, 2.24931e-09, 0, 0, 0, 0,
    //             -4.0826e-07, -2.28352e-07, 5.7066e-08, -4.0483e-07, 1.89242e-07, 5.62736e-08, 6.43322e-07, -3.03698e-07, 6.28362e-08, 5.57425e-07, 3.87298e-07, 6.33308e-08, 3.54064e-08, 2.41796e-08, -8.40248e-09, 3.27923e-08, -2.32896e-08, -8.21636e-09, -5.45034e-08, 3.79812e-08, -8.73036e-09, -5.16299e-08, -3.93946e-08, -8.25433e-09, 0, 0, 0, 0,
    //             2.89388e-07, 1.65299e-07, -4.24562e-08, 2.87166e-07, -1.34164e-07, -4.18715e-08, -4.58224e-07, 2.16292e-07, -4.47066e-08, -3.96112e-07, -2.75324e-07, -4.50636e-08, -2.51486e-08, -1.71628e-08, 5.97384e-09, -2.32896e-08, 1.65592e-08, 5.84994e-09, 3.88493e-08, -2.70794e-08, 6.22645e-09, 3.68494e-08, 2.86127e-08, 6.10752e-09, 0, 0, 0, 0,
    //             1.01737e-07, 5.87467e-08, -1.52993e-08, 1.01092e-07, -4.72922e-08, -1.51128e-08, -1.60629e-07, 7.59446e-08, -1.57435e-08, -1.39688e-07, -9.70428e-08, -1.58671e-08, -8.88498e-09, -6.05532e-09, 2.10858e-09, -8.21636e-09, 5.84994e-09, 2.07489e-09, 1.37146e-08, -9.56128e-09, 2.19506e-09, 1.30626e-08, 1.01863e-08, 2.19506e-09, 0, 0, 0, 0,
    //             6.7967e-07, 3.82008e-07, -9.60912e-08, 6.74494e-07, -3.16462e-07, -9.47583e-08, -1.06743e-06, 5.05262e-07, -1.04194e-07, -9.24494e-07, -6.43198e-07, -1.04995e-07, -5.87712e-08, -4.00498e-08, 1.39844e-08, -5.45034e-08, 3.88493e-08, 1.37146e-08, 9.06975e-08, -6.32036e-08, 1.46188e-08, 8.69824e-08, 6.59548e-08, 1.38813e-08, 0, 0, 0, 0,
    //             -4.72384e-07, -2.70129e-07, 6.94806e-08, -4.68855e-07, 2.20028e-07, 6.85175e-08, 7.42299e-07, -3.52529e-07, 7.25345e-08, 6.44314e-07, 4.48142e-07, 7.30941e-08, 4.09443e-08, 2.79098e-08, -9.74112e-09, 3.79812e-08, -2.70794e-08, -9.56128e-09, -6.32036e-08, 4.41236e-08, -1.01867e-08, -6.06744e-08, -4.67666e-08, -9.99232e-09, 0, 0, 0, 0,
    //             1.08677e-07, 6.25736e-08, -1.62368e-08, 1.07779e-07, -5.05732e-08, -1.60055e-08, -1.70992e-07, 8.12035e-08, -1.67108e-08, -1.48255e-07, -1.02855e-07, -1.68345e-08, -9.39832e-09, -6.41238e-09, 2.24931e-09, -8.73036e-09, 6.22645e-09, 2.19506e-09, 1.46188e-08, -1.01867e-08, 2.33119e-09, 1.38564e-08, 1.08449e-08, 2.33119e-09, 0, 0, 0, 0,
    //             6.41528e-07, 3.61597e-07, -9.1294e-08, 6.36738e-07, -2.99163e-07, -9.00393e-08, -1.00998e-06, 4.77598e-07, -9.85882e-08, -8.77226e-07, -6.08388e-07, -9.93644e-08, -5.57028e-08, -3.79363e-08, 1.33296e-08, -5.16299e-08, 3.68494e-08, 1.30626e-08, 8.69824e-08, -6.06744e-08, 1.38564e-08, 8.24846e-08, 6.2459e-08, 1.31783e-08, 0, 0, 0, 0,
    //             5.14463e-07, 2.93067e-07, -7.50131e-08, 5.10619e-07, -2.39778e-07, -7.39655e-08, -8.00676e-07, 3.796e-07, -7.86492e-08, -6.96901e-07, -4.9019e-07, -7.91918e-08, -4.32011e-08, -2.97782e-08, 1.04405e-08, -3.93946e-08, 2.86127e-08, 1.01863e-08, 6.59548e-08, -4.67666e-08, 1.08449e-08, 6.2459e-08, 5.07072e-08, 1.07984e-08, 0, 0, 0, 0,
    //             1.0818e-07, 6.23027e-08, -1.61714e-08, 1.07289e-07, -5.03599e-08, -1.58953e-08, -1.68466e-07, 8.11802e-08, -1.69406e-08, -1.46914e-07, -1.04279e-07, -1.70588e-08, -9.08525e-09, -6.33934e-09, 2.24931e-09, -8.25433e-09, 6.10752e-09, 2.19506e-09, 1.38813e-08, -9.99232e-09, 2.33119e-09, 1.31783e-08, 1.07984e-08, 2.32166e-09, 0, 0, 0, 0,
    //             0, 0, 0, 0, 0, 0, 0, 0, 0, 0, 0, 0, 0, 0, 0, 0, 0, 0, 0, 0, 0, 0, 0, 0, 0, 0, 0, 0,
    //             0, 0, 0, 0, 0, 0, 0, 0, 0, 0, 0, 0, 0, 0, 0, 0, 0, 0, 0, 0, 0, 0, 0, 0, 0, 0, 0, 0,
    //             0, 0, 0, 0, 0, 0, 0, 0, 0, 0, 0, 0, 0, 0, 0, 0, 0, 0, 0, 0, 0, 0, 0, 0, 0, 0, 0, 0,
    //             0, 0, 0, 0, 0, 0, 0, 0, 0, 0, 0, 0, 0, 0, 0, 0, 0, 0, 0, 0, 0, 0, 0, 0, 0, 0, 0, 0;

    // _Cu << 1.08047e-09, -6.16399e-10,  3.06932e-10,
    //     -6.16399e-10,  5.87727e-10, -1.51354e-10,
    //     3.06932e-10, -1.51354e-10 , 2.75701e-10;

    _QInit = _Qdig.asDiagonal();
    _QInit +=  _B * _Cu * _B.transpose();

    // _RCheck  = new AvgCov(28,  " R");
    // _uCheck  = new AvgCov(3,   " u");
}

void Estimator::run(){
    
    _feetH.setZero();
    _feetPosGlobalKine = GetFeetPos2BODY(*_lowstate,FrameType::GLOBAL);
    _feetVelGlobalKine = GetFeetSpeed2BODY(*_lowstate,FrameType::GLOBAL);
    _Q = _QInit;    // 必须赋值，后面根据步态进行调整
    _R = _RInit;
    
    for(int i(0);i<4;++i){        
        
        if((*_contact)(i) == 0){
            // 使足端i位置不可信
            _Q.block(6+3*i, 6+3*i, 3, 3) = _largeVariance * Eigen::MatrixXd::Identity(3, 3);
            // 足端i速度不可信
            _R.block(12+3*i, 12+3*i, 3, 3) = _largeVariance * Eigen::MatrixXd::Identity(3, 3);
            // 足端i的高度不可信
            _R(24+i, 24+i) = _largeVariance;
        }   
        else{                                                               //_phase：4 只脚的步态相位  
            _trust = windowFunc((*_phase)(i), 0.2);
            _Q.block(6+3*i, 6+3*i, 3, 3) = (1 + (1-_trust)*_largeVariance) * _QInit.block(6+3*i, 6+3*i, 3, 3);
            _R.block(12+3*i, 12+3*i, 3, 3) = (1 + (1-_trust)*_largeVariance) * _RInit.block(12+3*i, 12+3*i, 3, 3);
            _R(24+i, 24+i) = (1 + (1-_trust)*_largeVariance) * _RInit(24+i, 24+i);
        }
        _feetPos2Body.segment(3*i,3) = _feetPosGlobalKine.col(i);
        _feetVel2Body.segment(3*i,3) = _feetVelGlobalKine.col(i);
    }

    _rotMatB2G = _lowstate->_imu.GetRotMat().cast<double>();
    Eigen::Matrix<float,3,1>e = Quat2Euler(_lowstate->_imu.GetQuat());
    _u = _rotMatB2G * _lowstate->_imu.GetAcc().cast<double>() + _g.cast<double>();
   
    _xhat = _A * _xhat + _B * _u;
    _yhat = _C * _xhat;
    _y << _feetPos2Body,_feetVel2Body,_feetH;

    _Ppriori = _A * _P * _A.transpose() + _Q;
    _S =  _R + _C * _Ppriori * _C.transpose();
    _Slu = _S.lu();             
    _Sy = _Slu.solve(_y - _yhat);
    _Sc = _Slu.solve(_C);
    _SR = _Slu.solve(_R);
    _STC = (_S.transpose()).lu().solve(_C);
    _IKC = Eigen::MatrixXd::Identity(18, 18) - _Ppriori*_C.transpose()*_Sc;

    _xhat += _Ppriori * _C.transpose() * _Sy;
    _P =  _IKC * _Ppriori * _IKC.transpose()
        + _Ppriori * _C.transpose() * _SR * _STC * _Ppriori.transpose();

    // printf(" x:%.4f y:%.4f z:%.4f vx:%.4f vy:%.4f vz:%.4f fx:%.4f fy:%.4f fz:%.4f\n",_xhat(0),_xhat(1),_xhat(2),_xhat(3),_xhat(4),_xhat(5),_xhat(6),_xhat(7),_xhat(8));
    // printf(" x:%.4f y:%.4f z:%.4f  fx:%.4f fy:%.4f fz:%.4f\n",_xhat(0),_xhat(1),_xhat(2),_xhat(6),_xhat(7),_xhat(8));
    // std::cout<<"u:"<< _u << std::endl;
    // printf(" x:%.4f y:%.4f z:%.4f  vx:%.4f vy:%.4f vz:%.4f\n",_xhat(0),_xhat(1),_xhat(2),_xhat(3),_xhat(4),_xhat(5));
    // usleep(500000);
    // std::cout<<"-----"<< _feetPos2Body <<"----"<< std::endl;
    // std::cout<<"_rotMatB2G:"<<rotMatToRPY(_rotMatB2G.cast<float>())/M_PI*180 << std::endl;
    // std::cout<<"****"<< _rotMatB2G <<"----"<< std::endl;
    // printf("accx:%.5f accy:%.5f accz:%.5f\n",_lowstate->_imu.GetAcc()(0),_lowstate->_imu.GetAcc()(1),_lowstate->_imu.GetAcc()(2));
    // printf("fx0:%.4f fy0:%.4f fz0:%.4f\n",_xhat(6),_xhat(7),_xhat(8));
    // printf("fx1:%.4f fy1:%.4f fz1:%.4f\n",_xhat(9),_xhat(10),_xhat(11));
    // printf("fx2:%.4f fy2:%.4f fz2:%.4f\n",_xhat(12),_xhat(13),_xhat(14));
    // printf("fx3:%.4f fy3:%.4f fz3:%.4f\n",_xhat(15),_xhat(16),_xhat(17));
    // _uCheck->Measure(_u);
    // _RCheck->Measure(_y);

}

Eigen::Matrix<double, 3, 1>  Estimator::getPosition(){
    return _xhat.segment(0, 3);
}
Eigen::Matrix<double, 3, 1>  Estimator::getVelocity(){
    // Eigen::Matrix<double, 3, 1> v;
    // v<< 0.07,0,0;
    return _xhat.segment(3, 3);
    // return v;
}
Eigen::Matrix<double, 3, 1>  Estimator::getFootPos(int i){
    return getPosition() + _lowstate->_imu.GetRotMat().cast<double>() * GetFeetPos2BODY(*_lowstate, i, FrameType::BODY);
}
Eigen::Matrix<double, 3, 4> Estimator::getFeetPos(){
    Eigen::Matrix<double, 3, 4> feetPos;
    for(int i(0); i < 4; ++i){
        feetPos.col(i) = getFootPos(i);
    }
    return feetPos;
}
Eigen::Matrix<double, 3, 4> Estimator::getFeetVel(){
    Eigen::Matrix<double, 3, 4> feetVel = GetFeetSpeed2BODY(*_lowstate, FrameType::GLOBAL);
    for(int i(0); i < 4; ++i){
        feetVel.col(i) += getVelocity();
    }
    return feetVel;
}
Eigen::Matrix<double, 3, 4> Estimator::getPosFeet2BGlobal(){
    Eigen::Matrix<double, 3, 4> feet2BPos;
    for(int i(0); i < 4; ++i){
         feet2BPos.col(i) = getFootPos(i) - getPosition();
    }
    return feet2BPos;
}


